{
  "frames": [
    {
      "frame": 0,
      "contact": "full_contact",
      "contacts": {
        "left": {
          "status": "no_contact",
          "distance_px": 11.276175058841932
        },
        "right": {
          "status": "full_contact",
          "distance_px": 2.687937194983148
        }
      },
      "tracks": [
        {
          "track_id": 0,
          "joints_world": [
            [
              0.3259068727493286,
              0.9979326128959656,
              -8.00538444519043
            ],
            [
              0.3917263448238373,
              0.9097974598407745,
              -7.987644195556641
            ],
            [
              0.2649790346622467,
              0.9078578054904938,
              -8.016014099121094
            ],
            [
              0.3289426565170288,
              1.098713994026184,
              -8.03955078125
            ],
            [
              0.44456228613853455,
              0.5531068444252014,
              -7.867647171020508
            ],
            [
              0.24752527475357056,
              0.5238890945911407,
              -8.059385299682617
            ],
            [
              0.3295634984970093,
              1.234002947807312,
              -8.033485412597656
            ],
            [
              0.4641273021697998,
              0.15797898173332214,
              -7.822051525115967
            ],
            [
              0.29415807127952576,
              0.13440769910812378,
              -8.126214981079102
            ],
            [
              0.32299530506134033,
              1.2829712629318237,
              -8.006032943725586
            ],
            [
              0.4726952016353607,
              0.1376180648803711,
              -7.69216775894165
            ],
            [
              0.24183529615402222,
              0.09707939624786377,
              -8.011249542236328
            ],
            [
              0.31284987926483154,
              1.49226975440979,
              -8.02446174621582
            ],
            [
              0.39366215467453003,
              1.4058836102485657,
              -8.009617805480957
            ],
            [
              0.24720360338687897,
              1.395898699760437,
              -8.046981811523438
            ],
            [
              0.2957254946231842,
              1.5333889722824097,
              -7.953192234039307
            ],
            [
              0.4828301668167114,
              1.4169496297836304,
              -7.990342617034912
            ],
            [
              0.15240150690078735,
              1.3976495265960693,
              -8.066375732421875
            ],
            [
              0.578217089176178,
              1.1774551272392273,
              -8.018486976623535
            ],
            [
              0.09009246528148651,
              1.1566004753112793,
              -8.100374221801758
            ],
            [
              0.5969365239143372,
              0.9401905834674835,
              -7.959589958190918
            ],
            [
              0.09825914353132248,
              0.926834225654602,
              -7.99722146987915
            ],
            [
              0.6156089305877686,
              0.8632893860340118,
              -7.935895919799805
            ],
            [
              0.09745421260595322,
              0.8548368811607361,
              -7.95783805847168
            ]
          ],
          "parameters": {
            "pred_rotmat": [
              [
                [
                  0.9721070528030396,
                  0.008710847236216068,
                  -0.23437561094760895
                ],
                [
                  -0.03232405707240105,
                  -0.9847979545593262,
                  -0.17066991329193115
                ],
                [
                  -0.23229928314685822,
                  0.1734854131937027,
                  -0.9570474624633789
                ]
              ],
              [
                [
                  0.9953864812850952,
                  -0.09252701699733734,
                  0.02538492903113365
                ],
                [
                  0.08762951195240021,
                  0.9844570755958557,
                  0.15220166742801666
                ],
                [
                  -0.03907313942909241,
                  -0.1492750346660614,
                  0.9880233407020569
                ]
              ],
              [
                [
                  0.9977660775184631,
                  -0.007945957593619823,
                  -0.06633111089468002
                ],
                [
                  -0.006468778941780329,
                  0.9767440557479858,
                  -0.21431109309196472
                ],
                [
                  0.06649142503738403,
                  0.21426139771938324,
                  0.974510669708252
                ]
              ],
              [
                [
                  0.9989849925041199,
                  -0.0002147207997040823,
                  0.045043639838695526
                ],
                [
                  0.007336893118917942,
                  0.9874100089073181,
                  -0.15801185369491577
                ],
                [
                  -0.04444260522723198,
                  0.15818195044994354,
                  0.9864093661308289
                ]
              ],
              [
                [
                  0.9997116923332214,
                  0.0009311728063039482,
                  0.02399308793246746
                ],
                [
                  0.0011622165329754353,
                  0.996199905872345,
                  -0.08708833158016205
                ],
                [
                  -0.023983007296919823,
                  0.0870911106467247,
                  0.9959115982055664
                ]
              ],
              [
                [
                  0.997014582157135,
                  -0.003377489047124982,
                  0.07713907212018967
                ],
                [
                  0.00457175774499774,
                  0.9998723268508911,
                  -0.015310783870518208
                ],
                [
                  -0.07707751542329788,
                  0.015617738477885723,
                  0.9969027042388916
                ]
              ],
              [
                [
                  0.999441921710968,
                  -0.017449144273996353,
                  -0.02848377637565136
                ],
                [
                  0.01523193996399641,
                  0.9969698190689087,
                  -0.07628310471773148
                ],
                [
                  0.029728543013334274,
                  0.07580666989088058,
                  0.9966791868209839
                ]
              ],
              [
                [
                  0.998242974281311,
                  0.04559120535850525,
                  0.03784507140517235
                ],
                [
                  -0.04788986220955849,
                  0.996911883354187,
                  0.0622357502579689
                ],
                [
                  -0.0348907969892025,
                  -0.06393880397081375,
                  0.9973436594009399
                ]
              ],
              [
                [
                  0.9994981288909912,
                  0.015587092377245426,
                  -0.027577461674809456
                ],
                [
                  -0.010362628847360611,
                  0.9835501909255981,
                  0.18033777177333832
                ],
                [
                  0.029934758320450783,
                  -0.17996148765087128,
                  0.9832180738449097
                ]
              ],
              [
                [
                  0.999938428401947,
                  -0.009808087721467018,
                  0.005188630428165197
                ],
                [
                  0.009895414113998413,
                  0.9998050928115845,
                  -0.017081525176763535
                ],
                [
                  -0.005020082462579012,
                  0.01713181659579277,
                  0.9998406171798706
                ]
              ],
              [
                [
                  0.9971004724502563,
                  -0.05177045240998268,
                  0.055771417915821075
                ],
                [
                  0.04875645786523819,
                  0.997343897819519,
                  0.054111115634441376
                ],
                [
                  -0.05842463672161102,
                  -0.051235001534223557,
                  0.9969761967658997
                ]
              ],
              [
                [
                  0.9977985620498657,
                  0.010234171524643898,
                  -0.0655238926410675
                ],
                [
                  -0.01002444140613079,
                  0.9999434947967529,
                  0.003529203590005636
                ],
                [
                  0.06555631011724472,
                  -0.0028645952697843313,
                  0.9978447556495667
                ]
              ],
              [
                [
                  0.998354434967041,
                  -0.03136643394827843,
                  -0.04800524562597275
                ],
                [
                  0.016244562342762947,
                  0.9575461149215698,
                  -0.2878221273422241
                ],
                [
                  0.05499518662691116,
                  0.28656870126724243,
                  0.9564799666404724
                ]
              ],
              [
                [
                  0.9604265689849854,
                  0.2733827829360962,
                  -0.05331656336784363
                ],
                [
                  -0.2780326008796692,
                  0.9524445533752441,
                  -0.12468834966421127
                ],
                [
                  0.016693424433469772,
                  0.13457775115966797,
                  0.9907623529434204
                ]
              ],
              [
                [
                  0.9586716294288635,
                  -0.27172306180000305,
                  0.08435181528329849
                ],
                [
                  0.28007885813713074,
                  0.9534440636634827,
                  -0.11180442571640015
                ],
                [
                  -0.05004489794373512,
                  0.13080888986587524,
                  0.9901436567306519
                ]
              ],
              [
                [
                  0.9982088804244995,
                  -0.05005207285284996,
                  -0.03277026489377022
                ],
                [
                  0.038434553891420364,
                  0.9562960863113403,
                  -0.2898630201816559
                ],
                [
                  0.04584632068872452,
                  0.28808432817459106,
                  0.9565069675445557
                ]
              ],
              [
                [
                  0.559454083442688,
                  0.7819362878799438,
                  -0.2749304175376892
                ],
                [
                  -0.8179740309715271,
                  0.5744338631629944,
                  -0.03072858415544033
                ],
                [
                  0.13390155136585236,
                  0.24207717180252075,
                  0.9609729051589966
                ]
              ],
              [
                [
                  0.5926421284675598,
                  -0.7297303080558777,
                  0.3409823477268219
                ],
                [
                  0.7814854979515076,
                  0.6234618425369263,
                  -0.023995891213417053
                ],
                [
                  -0.19507895410060883,
                  0.2806937098503113,
                  0.9397633671760559
                ]
              ],
              [
                [
                  0.9321246147155762,
                  -0.10085216164588928,
                  -0.3478110730648041
                ],
                [
                  -0.13847912847995758,
                  0.7881800532341003,
                  -0.5996631383895874
                ],
                [
                  0.334615021944046,
                  0.6071253418922424,
                  0.720716118812561
                ]
              ],
              [
                [
                  0.8370126485824585,
                  0.19241662323474884,
                  0.5122358798980713
                ],
                [
                  0.21662123501300812,
                  0.7431279420852661,
                  -0.6331163048744202
                ],
                [
                  -0.502478837966919,
                  0.6408875584602356,
                  0.5803259611129761
                ]
              ],
              [
                [
                  0.9843259453773499,
                  -0.1763269156217575,
                  0.0033475311938673258
                ],
                [
                  0.1661146581172943,
                  0.9206081628799438,
                  -0.3533931076526642
                ],
                [
                  0.05923094600439072,
                  0.34841009974479675,
                  0.9354689717292786
                ]
              ],
              [
                [
                  0.9810831546783447,
                  0.18271751701831818,
                  0.06395421177148819
                ],
                [
                  -0.1525190770626068,
                  0.933013379573822,
                  -0.32592031359672546
                ],
                [
                  -0.11922147125005722,
                  0.3100006878376007,
                  0.9432316422462463
                ]
              ],
              [
                [
                  0.9912826418876648,
                  0.12377260625362396,
                  -0.04515577107667923
                ],
                [
                  -0.11758346855640411,
                  0.9857128858566284,
                  0.12059997767210007
                ],
                [
                  0.0594375915825367,
                  -0.11423908919095993,
                  0.9916737079620361
                ]
              ],
              [
                [
                  0.9923124313354492,
                  -0.12104058265686035,
                  0.025791799649596214
                ],
                [
                  0.11611432582139969,
                  0.9826881885528564,
                  0.14436548948287964
                ],
                [
                  -0.04281937703490257,
                  -0.14026087522506714,
                  0.9891882538795471
                ]
              ]
            ],
            "pred_shape": [
              -0.3283065855503082,
              0.9669818878173828,
              0.16871874034404755,
              0.012688150629401207,
              0.19481021165847778,
              0.16610680520534515,
              0.2632591128349304,
              0.01865125261247158,
              0.09453412145376205,
              0.37543684244155884
            ],
            "pred_trans": [
              0.30839109420776367,
              0.12965786457061768,
              7.934634208679199
            ]
          }
        }
      ]
    },
    {
      "frame": 1,
      "contact": "full_contact",
      "contacts": {
        "left": {
          "status": "no_contact",
          "distance_px": 9.370916505871287
        },
        "right": {
          "status": "full_contact",
          "distance_px": 2.628881441763627
        }
      },
      "tracks": [
        {
          "track_id": 0,
          "joints_world": [
            [
              0.3253938555717468,
              0.9985519051551819,
              -8.008447647094727
            ],
            [
              0.3912977874279022,
              0.9107792675495148,
              -7.989281177520752
            ],
            [
              0.26466992497444153,
              0.9082331359386444,
              -8.018133163452148
            ],
            [
              0.32838842272758484,
              1.0988790094852448,
              -8.043930053710938
            ],
            [
              0.44490087032318115,
              0.5556221604347229,
              -7.865147113800049
            ],
            [
              0.243973970413208,
              0.5233335196971893,
              -8.050407409667969
            ],
            [
              0.3281949758529663,
              1.234187662601471,
              -8.038288116455078
            ],
            [
              0.46584323048591614,
              0.15992417931556702,
              -7.825495719909668
            ],
            [
              0.2918398082256317,
              0.13389962911605835,
              -8.11663818359375
            ],
            [
              0.32103362679481506,
              1.2830297350883484,
              -8.010759353637695
            ],
            [
              0.4758596122264862,
              0.13777238130569458,
              -7.696009635925293
            ],
            [
              0.23780149221420288,
              0.0954468846321106,
              -8.00284481048584
            ],
            [
              0.30933085083961487,
              1.492291271686554,
              -8.028680801391602
            ],
            [
              0.3907111585140228,
              1.406531274318695,
              -8.013317108154297
            ],
            [
              0.24470147490501404,
              1.3954490423202515,
              -8.052101135253906
            ],
            [
              0.29118677973747253,
              1.532267451286316,
              -7.95701265335083
            ],
            [
              0.4794079661369324,
              1.4184200167655945,
              -7.992424488067627
            ],
            [
              0.15009726583957672,
              1.3966208696365356,
              -8.072479248046875
            ],
            [
              0.5762840509414673,
              1.179122269153595,
              -8.01692008972168
            ],
            [
              0.08888385444879532,
              1.1561376452445984,
              -8.112022399902344
            ],
            [
              0.5940248966217041,
              0.9425628185272217,
              -7.954962730407715
            ],
            [
              0.09611015766859055,
              0.9237715601921082,
              -8.014795303344727
            ],
            [
              0.6118098497390747,
              0.8659409135580063,
              -7.929731845855713
            ],
            [
              0.09544795751571655,
              0.8506705462932587,
              -7.97749662399292
            ]
          ],
          "parameters": {
            "pred_rotmat": [
              [
                [
                  0.9711089134216309,
                  0.007486777380108833,
                  -0.23851919174194336
                ],
                [
                  -0.03732683137059212,
                  -0.982439398765564,
                  -0.18281011283397675
                ],
                [
                  -0.23569931089878082,
                  0.18643170595169067,
                  -0.9537761807441711
                ]
              ],
              [
                [
                  0.995073139667511,
                  -0.09367524087429047,
                  0.03246970847249031
                ],
                [
                  0.08775950968265533,
                  0.9846127033233643,
                  0.15111595392227173
                ],
                [
                  -0.04612591117620468,
                  -0.14752191305160522,
                  0.9879825711250305
                ]
              ],
              [
                [
                  0.9979490637779236,
                  -0.0014164404710754752,
                  -0.0639982521533966
                ],
                [
                  -0.011218765750527382,
                  0.9804121255874634,
                  -0.19663743674755096
                ],
                [
                  0.06302317976951599,
                  0.19695210456848145,
                  0.9783854484558105
                ]
              ],
              [
                [
                  0.9992165565490723,
                  -0.0016289103077724576,
                  0.039542824029922485
                ],
                [
                  0.008269554935395718,
                  0.985690712928772,
                  -0.1683611273765564
                ],
                [
                  -0.03870274871587753,
                  0.16855622828006744,
                  0.9849319458007812
                ]
              ],
              [
                [
                  0.9996030926704407,
                  0.0037262355908751488,
                  0.027925558388233185
                ],
                [
                  -0.0005197112914174795,
                  0.9934849143028259,
                  -0.11396215111017227
                ],
                [
                  -0.028168274089694023,
                  0.11390239745378494,
                  0.9930925369262695
                ]
              ],
              [
                [
                  0.9977849125862122,
                  -0.005019613076001406,
                  0.0663333386182785
                ],
                [
                  0.0080358125269413,
                  0.9989418983459473,
                  -0.04528205469250679
                ],
                [
                  -0.06603585183620453,
                  0.045714788138866425,
                  0.9967694878578186
                ]
              ],
              [
                [
                  0.9994773268699646,
                  -0.0185499619692564,
                  -0.02647620625793934
                ],
                [
                  0.01631004363298416,
                  0.9964621663093567,
                  -0.08244450390338898
                ],
                [
                  0.027911880984902382,
                  0.08196958154439926,
                  0.9962438941001892
                ]
              ],
              [
                [
                  0.998680591583252,
                  0.03717365860939026,
                  0.03542723134160042
                ],
                [
                  -0.03929121792316437,
                  0.9973592162132263,
                  0.061080098152160645
                ],
                [
                  -0.03306310623884201,
                  -0.062391497194767,
                  0.9975038766860962
                ]
              ],
              [
                [
                  0.9992509484291077,
                  0.02701648138463497,
                  -0.027707209810614586
                ],
                [
                  -0.021927975118160248,
                  0.9852274656295776,
                  0.16984130442142487
                ],
                [
                  0.03188641741871834,
                  -0.16910651326179504,
                  0.9850819110870361
                ]
              ],
              [
                [
                  0.9999439716339111,
                  -0.010176153853535652,
                  0.002905984641984105
                ],
                [
                  0.010225147008895874,
                  0.9997966885566711,
                  -0.017373396083712578
                ],
                [
                  -0.0027286000549793243,
                  0.01740213669836521,
                  0.9998447299003601
                ]
              ],
              [
                [
                  0.9975900650024414,
                  -0.03846266493201256,
                  0.05774775147438049
                ],
                [
                  0.03570259362459183,
                  0.99820476770401,
                  0.04808970168232918
                ],
                [
                  -0.05949373543262482,
                  -0.04591205716133118,
                  0.9971723556518555
                ]
              ],
              [
                [
                  0.9974582195281982,
                  -0.004998813848942518,
                  -0.07107865065336227
                ],
                [
                  0.0053070164285600185,
                  0.9999772906303406,
                  0.004148016218096018
                ],
                [
                  0.0710563063621521,
                  -0.00451468862593174,
                  0.9974620938301086
                ]
              ],
              [
                [
                  0.9984360337257385,
                  -0.032592568546533585,
                  -0.045423854142427444
                ],
                [
                  0.017586160451173782,
                  0.9543391466140747,
                  -0.29820704460144043
                ],
                [
                  0.0530691035091877,
                  0.2969417870044708,
                  0.9534197449684143
                ]
              ],
              [
                [
                  0.9609642624855042,
                  0.2698555588722229,
                  -0.06103930622339249
                ],
                [
                  -0.2755666673183441,
                  0.9532465934753418,
                  -0.12403203547000885
                ],
                [
                  0.02471477910876274,
                  0.13601073622703552,
                  0.9903991222381592
                ]
              ],
              [
                [
                  0.9591302871704102,
                  -0.27054956555366516,
                  0.08289821445941925
                ],
                [
                  0.27885764837265015,
                  0.9534707069396973,
                  -0.11459523439407349
                ],
                [
                  -0.0480373278260231,
                  0.1330285519361496,
                  0.9899474382400513
                ]
              ],
              [
                [
                  0.998341977596283,
                  -0.046238675713539124,
                  -0.03428315743803978
                ],
                [
                  0.03392218053340912,
                  0.9537854790687561,
                  -0.29856762290000916
                ],
                [
                  0.046504147350788116,
                  0.2969096004962921,
                  0.9537726044654846
                ]
              ],
              [
                [
                  0.5568767786026001,
                  0.782375693321228,
                  -0.2788844704627991
                ],
                [
                  -0.8178986310958862,
                  0.5750128626823425,
                  -0.020053625106811523
                ],
                [
                  0.1446726769208908,
                  0.23926658928394318,
                  0.9601153135299683
                ]
              ],
              [
                [
                  0.5992273688316345,
                  -0.7305097579956055,
                  0.32753923535346985
                ],
                [
                  0.7797374129295349,
                  0.6252920031547546,
                  -0.03192902356386185
                ],
                [
                  -0.1814832240343094,
                  0.27452734112739563,
                  0.9442978501319885
                ]
              ],
              [
                [
                  0.9303025603294373,
                  -0.10162097960710526,
                  -0.352434903383255
                ],
                [
                  -0.13896802067756653,
                  0.7915699481964111,
                  -0.5950670838356018
                ],
                [
                  0.3394482135772705,
                  0.602569580078125,
                  0.7222774624824524
                ]
              ],
              [
                [
                  0.8396283388137817,
                  0.1864555925130844,
                  0.5101554989814758
                ],
                [
                  0.22192975878715515,
                  0.7394898533821106,
                  -0.6355328559875488
                ],
                [
                  -0.4957534372806549,
                  0.6468300819396973,
                  0.579516589641571
                ]
              ],
              [
                [
                  0.9828750491142273,
                  -0.18423360586166382,
                  -0.003813572693616152
                ],
                [
                  0.17223688960075378,
                  0.9258365631103516,
                  -0.3363943099975586
                ],
                [
                  0.06550588458776474,
                  0.32997676730155945,
                  0.9417134523391724
                ]
              ],
              [
                [
                  0.9812118411064148,
                  0.17942117154598236,
                  0.07093211263418198
                ],
                [
                  -0.14837782084941864,
                  0.9367555975914001,
                  -0.31697484850883484
                ],
                [
                  -0.12331804633140564,
                  0.3004947304725647,
                  0.9457778334617615
                ]
              ],
              [
                [
                  0.9909791946411133,
                  0.1259196400642395,
                  -0.045875433832407
                ],
                [
                  -0.11944743245840073,
                  0.9851058125495911,
                  0.12368834763765335
                ],
                [
                  0.060766950249671936,
                  -0.11709286272525787,
                  0.9912601709365845
                ]
              ],
              [
                [
                  0.9920573234558105,
                  -0.12272334843873978,
                  0.027588605880737305
                ],
                [
                  0.11741570383310318,
                  0.9821649193763733,
                  0.14685218036174774
                ],
                [
                  -0.045118752866983414,
                  -0.14244645833969116,
                  0.9887735247612
                ]
              ]
            ],
            "pred_shape": [
              -0.3283065855503082,
              0.9669818878173828,
              0.16871874034404755,
              0.012688150629401207,
              0.19481021165847778,
              0.16610680520534515,
              0.2632591128349304,
              0.01865125261247158,
              0.09453412145376205,
              0.37543684244155884
            ],
            "pred_trans": [
              0.3099851906299591,
              0.12483607232570648,
              7.9607439041137695
            ]
          }
        }
      ]
    },
    {
      "frame": 2,
      "contact": "full_contact",
      "contacts": {
        "left": {
          "status": "no_contact",
          "distance_px": 16.752170528415647
        },
        "right": {
          "status": "full_contact",
          "distance_px": null
        }
      },
      "tracks": [
        {
          "track_id": 0,
          "joints_world": [
            [
              0.32442760467529297,
              0.9994888305664062,
              -8.01224136352539
            ],
            [
              0.390455424785614,
              0.9118795096874237,
              -7.992758274078369
            ],
            [
              0.2637518048286438,
              0.9090677201747894,
              -8.021249771118164
            ],
            [
              0.3272433578968048,
              1.0996155738830566,
              -8.048299789428711
            ],
            [
              0.4467258155345917,
              0.5549249649047852,
              -7.875130653381348
            ],
            [
              0.23926189541816711,
              0.5235388278961182,
              -8.04088020324707
            ],
            [
              0.3269500732421875,
              1.2350044250488281,
              -8.04513168334961
            ],
            [
              0.46988964080810547,
              0.15768343210220337,
              -7.859309196472168
            ],
            [
              0.2893323302268982,
              0.13446998596191406,
              -8.107626914978027
            ],
            [
              0.3194296061992645,
              1.284245491027832,
              -8.018421173095703
            ],
            [
              0.48362553119659424,
              0.1282745599746704,
              -7.731621742248535
            ],
            [
              0.23386132717132568,
              0.09446835517883301,
              -7.995061874389648
            ],
            [
              0.3073389530181885,
              1.4931772351264954,
              -8.039628982543945
            ],
            [
              0.38877180218696594,
              1.4079110622406006,
              -8.021965980529785
            ],
            [
              0.24329084157943726,
              1.3957939147949219,
              -8.062394142150879
            ],
            [
              0.2884117364883423,
              1.5332067012786865,
              -7.968194007873535
            ],
            [
              0.4771943688392639,
              1.4209625124931335,
              -8.000612258911133
            ],
            [
              0.14936135709285736,
              1.3969128131866455,
              -8.085688591003418
            ],
            [
              0.5776501297950745,
              1.1826258301734924,
              -8.019392013549805
            ],
            [
              0.087150938808918,
              1.1578407287597656,
              -8.131702423095703
            ],
            [
              0.5920302271842957,
              0.9485206305980682,
              -7.947965145111084
            ],
            [
              0.09458491951227188,
              0.9268548786640167,
              -8.031254768371582
            ],
            [
              0.6077362298965454,
              0.8728871643543243,
              -7.918695449829102
            ],
            [
              0.09472013264894485,
              0.8545590490102768,
              -7.992413520812988
            ]
          ],
          "parameters": {
            "pred_rotmat": [
              [
                [
                  0.9717234373092651,
                  0.006242300849407911,
                  -0.2360394448041916
                ],
                [
                  -0.039371851831674576,
                  -0.9813721179962158,
                  -0.18803878128528595
                ],
                [
                  -0.23281633853912354,
                  0.19201499223709106,
                  -0.9533765316009521
                ]
              ],
              [
                [
                  0.9946057796478271,
                  -0.09356896579265594,
                  0.04476834833621979
                ],
                [
                  0.0870916023850441,
                  0.9877399206161499,
                  0.12955616414546967
                ],
                [
                  -0.056341931223869324,
                  -0.12495836615562439,
                  0.9905608892440796
                ]
              ],
              [
                [
                  0.9981940984725952,
                  0.002290131989866495,
                  -0.06002606824040413
                ],
                [
                  -0.012401590123772621,
                  0.9856018424034119,
                  -0.16862735152244568
                ],
                [
                  0.05877562612295151,
                  0.16906727850437164,
                  0.983850359916687
                ]
              ],
              [
                [
                  0.9995359182357788,
                  -0.004402438644319773,
                  0.030141977593302727
                ],
                [
                  0.00905194878578186,
                  0.9877303242683411,
                  -0.15590623021125793
                ],
                [
                  -0.029085781425237656,
                  0.15610672533512115,
                  0.9873117804527283
                ]
              ],
              [
                [
                  0.9993622899055481,
                  0.008740896359086037,
                  0.03462134301662445
                ],
                [
                  -0.0032035564072430134,
                  0.9876137375831604,
                  -0.15687207877635956
                ],
                [
                  -0.03556371480226517,
                  0.15666112303733826,
                  0.9870119094848633
                ]
              ],
              [
                [
                  0.9986849427223206,
                  -0.009064930491149426,
                  0.050460830330848694
                ],
                [
                  0.013184710405766964,
                  0.9965518116950989,
                  -0.08191867172718048
                ],
                [
                  -0.04954424127936363,
                  0.08247624337673187,
                  0.995360791683197
                ]
              ],
              [
                [
                  0.999419629573822,
                  -0.020452268421649933,
                  -0.027240892872214317
                ],
                [
                  0.018051408231258392,
                  0.9961628317832947,
                  -0.08563801646232605
                ],
                [
                  0.028887853026390076,
                  0.0850965827703476,
                  0.9959538578987122
                ]
              ],
              [
                [
                  0.9986926913261414,
                  0.034904707223176956,
                  0.037344787269830704
                ],
                [
                  -0.03719266876578331,
                  0.9973557591438293,
                  0.0624350905418396
                ],
                [
                  -0.03506676107645035,
                  -0.06374242156744003,
                  0.9973500967025757
                ]
              ],
              [
                [
                  0.9989157915115356,
                  0.03508348762989044,
                  -0.03060026466846466
                ],
                [
                  -0.029744267463684082,
                  0.9866342544555664,
                  0.16021274030208588
                ],
                [
                  0.03581209108233452,
                  -0.15912885963916779,
                  0.98660808801651
                ]
              ],
              [
                [
                  0.9999421238899231,
                  -0.010638583451509476,
